346.451218
344.702123
345.936705
344.655767
347.252084
342.528313
344.646961
347.196926
346.545603
343.249293
345.369438
345.679536
346.454450
343.546694
347.488457
348.846919
345.082976
354.377942
342.709707
350.074435
346.487112
349.157471
268.204551
342.689428
344.076257
346.464701
344.966569
344.538102
347.943636
344.956179
371.351645
345.504082
344.879838
350.045874
346.253780
346.144912
499.866190
358.329498
345.885295
346.705882
347.092734
333.885403
351.909525
346.434109
345.931815
347.241974
344.068052
345.485335
346.510986
343.580383
346.535102
346.998124
344.563451
344.324188
346.121639
346.914731
346.637972
338.729507
343.154567
344.104506
349.067804
346.654950
346.063867
347.299098
346.444409
344.911664
344.817424
346.025943
345.396923
346.255431
347.332487
341.058564
345.706203
342.100999
344.975060
347.129970
346.979462
348.123348
345.237112
345.664087
347.955671
391.685385
344.838522
343.331064
345.215470
343.906184
353.400318
343.266175
341.503766
345.209971
344.447776
343.033523
344.168754
345.394591
346.471083
344.904237
345.085658
345.557572
346.757916
345.053211
346.368139
344.661581
345.964006
345.678612
347.393605
346.224540
344.969995
345.764379
344.986980
343.255972
329.017183
346.266772
345.709629
345.637379
346.033236
345.254893
345.812747
345.945380
344.625324
351.421133
337.857869
347.979764
345.202909
345.093124
348.292928
347.187177
348.825337
346.066054
337.914221
346.124912
346.203766
345.404408
345.024642
346.097748
344.939897
344.176101
347.081031
347.717359
345.320430
344.944597
344.562786
345.440995
344.709916
345.208654
344.819702
342.682228
342.825193
344.637918
344.784761
343.285723
344.790465
335.236589
348.756601
346.026218
351.078945
349.468958
343.731196
337.535528
344.697530
346.295061
345.143850
344.908199
347.305834
346.665758
343.426381
345.250622
347.198491
346.691419
344.873538
344.889058
345.400524
346.034235
345.719841
347.279523
346.637757
342.715989
347.021498
344.403419
347.689434
344.360682
346.344465
347.020091
350.595923
343.872717
346.601274
347.546710
340.147958
343.191766
343.947216
345.180152
349.715582
346.968964
348.122156
311.680113
345.337789
347.881004
345.781949
350.830344
345.679340
347.318608
345.376355
346.516516
352.835052
345.606895
355.394218
345.578482
344.841242
345.569816
346.396500
344.094690
343.553581
345.726472
341.459243
346.010244
343.746934
345.679834
347.189129
345.855310
340.067008
346.753659
344.517226
344.998192
350.147887
345.027416
378.133873
345.913386
351.214346
346.235462
343.066128
345.178187
346.890712
344.964203
343.427481
344.307037
346.013932
344.166942
346.631226
344.859267
345.558103
347.506734
337.705466
344.437413
345.297112
346.160794
346.632623
346.224910
345.793809
349.316658
366.791410
348.739394
345.572785
339.901221
346.681798
346.252452
344.531563
349.067036
345.191716
345.507351
351.871708
333.234566
345.002108
345.643262
344.724300
342.820952
346.423781
345.509683
342.689096
346.238902
345.350717
345.371090
346.391248
344.925674
346.354544
344.155926
342.520535
344.940356
345.314343
340.771848
344.446387
354.308156
342.972458
344.045384
337.595030
346.610011
345.827813
346.682562
343.854119
393.014228
28.839719
345.304385
347.473026
342.940826
345.934363
346.410137
341.521871
344.864651
345.060037
349.885805
347.196645
347.180319
345.412928
345.017187
343.611482
345.321341
344.817412
334.393620
345.621176
346.845357
345.083486
338.993746
281.793421
346.319830
346.241147
347.184025
345.433637
345.387962
344.672255
346.220561
350.850420
345.800275
344.875287
346.182805
345.114360
375.034668
346.216453
345.724969
329.721183
344.587705
326.664198
346.462268
345.770783
344.992011
344.811071
344.461941
344.745201
335.855587
342.825510
348.278729
345.469665
346.607929
347.472889
349.688467
345.682507
345.097940
345.427140
343.732170
345.089932
345.833248
345.889064
344.591989
346.590928
344.322637
346.540200
345.313636
345.167930
345.882390
346.780979
345.875323
346.403120
345.613055
345.281098
345.761025
342.841931
334.402015
346.894948
340.947774
343.494892
352.322585
345.940755
344.217375
344.333987
192.191909
345.102487
344.953966
345.702847
345.751613
348.002066
344.501873
344.446061
347.023515
344.757855
344.161353
346.317322
347.283578
349.543197
345.412853
344.020763
339.563691
344.318664
345.559538
345.473369
345.453776
345.378946
344.106348
353.152515
343.568772
345.302656
345.646439
345.999791
346.150768
339.466600
344.172306
345.943220
344.042245
345.621067
346.039972
348.420981
345.351150
350.974790
342.991471
345.452129
341.891134
347.136339
344.384023
344.241232
347.148222
343.342878
350.042249
345.455691
346.478852
345.463767
362.011019
345.628888
341.803999
345.755958
348.134981
343.401003
332.372083
345.187843
344.986784
343.920141
346.376782
345.890434
340.884101
346.827863
346.058290
346.081428
346.328041
345.917626
346.509193
344.545781
345.756403
346.003133
347.865160
347.549739
345.815007
345.740052
342.941945
344.460195
337.972968
344.789522
338.754559
346.520714
345.000692
346.774285
345.773793
346.462338
345.272599
347.765758
317.102476
345.198514
345.421498
346.214162
346.263311
347.368907
345.576443
343.766223
346.186876
344.052064
346.047492
345.426033
342.551161
344.701527
345.602255
345.803864
344.852069
344.760653
346.409738
347.536640
345.858552
345.417998
346.209074
344.900089
351.338229
346.126122
343.680917
352.439350
345.405465
344.369988
345.989841
339.178553
347.066050
346.786293
345.064035
347.897490
343.532530
346.957269
347.018154
338.880938
346.323603
343.703152
374.697087
345.427959
353.467919
285.935800
339.919443
342.142145
344.856406
344.938376
359.902142
342.990260
345.416940
344.807229
345.181743
342.178702
346.048665
336.390848
346.422525
346.112191
344.006694
345.269609
344.686552
346.233737
372.351761
346.311785
347.991317
345.576311
341.478705
345.823852
348.562226
345.194924
345.262939
342.752512
341.503937
344.815414
344.337912
343.008262
344.373726
355.511515
346.346694
346.952642
345.594047
343.218700
349.596388
348.266120
336.733980
345.321045
346.659026
344.638170
342.504378
345.186779
345.879782
344.050608
348.154097
345.881685
340.747297
344.873342
346.415535
353.381093
346.087170
346.248851
344.729871
346.553791
345.802277
346.855151
345.206525
346.218052
345.097729
343.828620
342.418913
345.708093
338.348715
342.866037
347.355543
344.823415
352.205309
345.011225
342.680571
346.027214
329.117028
345.530011
347.858876
346.546234
345.661517
343.749366
344.840028
347.494477
346.579246
344.384400
379.188028
349.229968
345.958483
343.796579
345.948316
346.139881
345.328331
346.603436
345.778377
343.829314
343.006819
345.773450
346.835411
345.860736
346.507733
343.136124
344.266245
345.161602
344.028723
334.836129
343.013940
345.858145
345.655116
348.906871
345.226163
341.956948
345.221610
345.864730
345.167442
346.073915
343.701480
343.343149
344.893220
346.226681
346.854136
348.157655
344.730066
346.839873
347.962768
349.895796
343.648884
343.882019
345.519751
345.424405
350.885725
343.708995
344.385659
345.082796
348.028203
347.302390
344.161457
346.011903
292.048729
345.776335
346.857866
345.097053
351.306132
344.368579
348.322538
345.927319
346.640807
345.383155
345.892821
345.275639
344.687236
343.630506
345.580116
309.235357
345.756713
345.597123
348.154856
344.025870
359.374495
346.566052
342.292081
360.993243
347.913182
341.003602
336.683882
329.651926
345.729246
344.209556
346.548538
348.833044
344.327448
365.675666
345.768113
345.279650
346.489378
344.473258
346.695653
345.946405
346.390741
345.698278
346.597114
345.638564
348.477876
346.956069
359.133119
347.776273
345.822226
341.874773
350.371976
346.772108
383.894442
345.407616
345.710360
344.438955
350.405405
345.086021
349.524605
345.546016
346.180888
345.768121
346.623586
341.166124
336.402756
344.825746
349.628292
346.094364
345.181224
346.680825
380.775893
345.370139
345.302413
391.862175
351.955065
346.262311
347.489985
346.597660
345.259691
343.902464
338.072611
346.229478
345.506744
349.077366
345.764687
140.278503
347.615355
345.404339
344.963134
354.832410
343.728368
349.760710
346.179846
345.897107
345.331085
341.466381
345.212861
345.500035
348.593761
344.084450
305.720077
345.069018
345.163630
341.521678
353.857161
311.739470
345.165153
347.341976
344.650254
347.932942
348.861922
369.340656
347.666273
346.728856
345.356495
343.097538
345.573142
345.454839
347.067474
346.261353
341.579785
344.148601
346.390145
345.679093
342.759514
345.640247
346.042356
344.376747
348.105329
370.365145
344.844117
349.169082
348.098823
346.020305
345.282780
346.159908
341.818241
345.380118
345.721932
345.475150
348.148844
345.723170
345.893961
345.489852
345.303003
345.471132
345.346438
345.836044
345.543551
341.460984
343.517845
345.949608
345.929014
323.745344
344.688543
339.015805
347.738852
345.752665
346.023176
345.884853
339.003453
343.384784
347.945630
343.715819
345.850714
345.924554
345.879049
350.590020
345.392049
345.668570
344.368095
346.383867
346.083974
348.461361
346.736679
345.682198
347.351422
345.216390
345.752851
350.713571
345.716585
343.737861
345.690095
343.859748
343.583825
345.823115
345.593020
304.217552
345.152706
345.143832
348.624652
345.658722
344.859125
350.267436
345.048880
344.414022
345.133143
344.774968
347.679259
346.970678
343.067545
346.124725
345.987515
345.384964
346.318247
346.105167
341.468297
345.803305
347.154242
344.401251
346.301583
345.203554
346.131154
344.464154
345.754505
345.219533
345.287062
342.992554
346.088440
345.909826
345.547714
346.692567
346.220365
346.643932
345.316261
349.438999
347.699426
344.717156
345.909796
345.592796
332.612732
352.689214
314.931864
346.721728
342.680173
343.986718
342.097321
345.863004
344.415191
347.891885
345.088912
344.851250
347.987883
342.640075
346.937591
346.801784
347.606162
343.975810
346.629593
346.027840
344.221564
344.782834
345.964775
345.716605
347.530781
342.864458
343.228114
346.519932
346.802493
341.079243
345.870863
342.609099
345.864577
345.513773
347.053065
345.141686
343.092652
335.894376
348.707800
346.838898
345.507713
341.627880
345.694319
343.337751
344.623941
345.665758
348.493465
345.805008
333.616803
347.580485
345.695577
345.149055
347.644271
333.813566
343.699208
343.362472
348.372214
347.018332
344.283439
345.376457
338.383583
342.484371
343.236107
345.798773
333.263250
344.495918
345.416760
345.893989
340.794937
346.151414
345.916100
341.897901
345.097851
350.775562
346.211460
346.748928
337.285618
344.106969
346.929296
346.594900
345.365033
349.299936
347.643747
344.254233
343.101509
345.001242
345.884000
341.700476
342.976026
344.769900
341.483693
346.094620
344.853722
347.997158
344.264529
345.898615
340.539185
345.616581
345.898809
344.391639
345.688113
338.820466
341.240314
344.568230
345.230893
336.154011
346.347127
342.982310
333.936130
334.451563
349.468569
345.665362
345.768806
345.355406
346.351353
325.187370
348.923753
345.724839
355.975640
350.971708
343.645488
475.827206
344.988298
346.183745
336.147638
344.742305
345.330947
345.547517
344.644025
