1.010729
1.011732
0.821628
1.060866
0.974940
1.010314
1.010315
1.056883
1.014192
0.940889
0.987112
1.030835
0.985666
0.952004
0.950263
1.004314
0.975733
0.947768
0.743651
0.991078
0.877264
0.966490
1.025433
0.877888
1.003093
1.056739
1.046038
0.970664
1.022717
0.969383
0.993659
0.912842
0.993128
1.030380
0.997238
0.964215
1.010697
1.046997
0.942837
0.941596
0.983243
1.019763
0.955257
1.070199
0.962457
1.024301
1.012362
0.832455
0.885182
0.963868
0.930575
1.028946
0.958781
0.853283
0.962950
0.937971
0.958715
1.049972
1.046359
1.001238
0.984741
0.968552
0.962512
1.011086
0.911035
0.761953
0.962978
1.060103
1.028943
1.045743
0.947973
0.967223
0.922084
1.062071
1.057239
1.038300
0.998845
1.025912
0.850098
1.014154
1.044508
0.901371
0.989003
0.790324
1.015963
0.968684
1.066796
0.987433
0.928145
0.922922
0.961649
0.979616
1.035809
0.967589
1.029092
0.965896
0.901028
0.957633
0.932723
0.988763
0.951521
0.891608
0.962504
0.999916
0.903708
0.907819
0.937454
1.009609
0.921426
1.068716
0.995216
1.005181
1.020832
1.023871
1.021672
1.026370
0.925774
0.979429
1.057822
0.996056
1.041585
0.946362
1.018969
0.940739
1.007786
0.948313
0.972375
0.945788
1.016189
1.007991
0.992714
0.972433
0.941948
0.977065
1.003259
0.997158
1.013736
0.961287
0.983672
0.993851
0.968665
1.011076
0.968956
0.997363
1.050604
1.002715
1.061331
1.050275
0.923686
0.905807
0.986890
0.875467
0.998916
0.976153
1.041277
0.972263
0.938919
0.940001
0.963259
1.038461
0.873793
0.982683
1.023138
1.019736
1.006645
1.033523
1.007430
0.933796
1.050503
1.013950
0.942935
0.999579
0.956730
0.946906
0.962425
0.991504
0.899805
0.995338
1.015226
0.992752
0.992173
0.976208
0.955836
1.043063
0.957682
0.999100
0.961559
0.983196
1.004097
0.968824
1.051786
1.018921
0.978566
0.951336
0.970746
0.929971
1.046617
0.969541
0.975277
0.995105
1.038220
0.981704
0.953566
1.040100
0.969094
0.950037
1.011936
0.952465
0.749497
0.987621
0.864213
0.986152
0.999116
1.022857
0.927544
1.008767
1.050527
1.000557
1.011755
0.829332
0.922963
0.926700
0.958439
0.879730
1.012348
0.980750
0.936183
0.925897
1.009620
0.914152
1.019021
0.985773
0.931190
1.013527
1.022944
0.941182
0.975359
0.961462
1.067061
1.028155
0.838581
0.842153
0.972235
0.954826
1.044490
0.929366
1.011946
0.852757
1.037318
1.033145
0.993876
0.997474
0.981788
0.923358
0.926964
0.999455
1.064217
1.029711
1.009230
0.964263
1.003606
0.872068
1.006857
0.985549
1.057285
0.943257
0.911923
1.017445
1.037881
0.961209
1.038876
0.971841
1.013084
1.026118
1.028091
1.004501
0.909030
1.068412
0.978430
0.993366
0.969808
1.028354
1.014232
0.966005
1.020806
0.990193
1.021249
1.004257
0.998478
0.997983
1.045039
1.037871
0.913222
0.881915
0.968499
0.980972
1.004504
0.982747
0.872664
0.983264
0.959358
0.991120
1.026418
0.974058
0.951841
1.008853
1.024088
1.005532
1.040073
0.783798
0.999350
0.933250
1.066940
1.014650
0.983413
1.003921
1.010889
0.938916
1.018963
0.996113
0.932898
0.975214
1.007672
0.986900
0.990707
0.987083
1.039241
1.002254
0.915300
1.017587
0.924082
1.041227
1.037298
0.995837
0.987974
0.891187
1.000054
1.012329
0.994183
0.963222
1.016187
0.797123
0.998243
1.019030
0.935302
0.944429
0.928468
1.006902
0.981571
0.984482
0.915455
1.024246
1.032239
0.984055
1.079681
0.923180
0.995581
0.962025
1.036833
1.008996
0.960359
0.886761
1.035728
1.017768
0.916066
0.996978
1.033711
0.966148
0.959922
1.028160
1.024820
0.925538
0.874850
0.994031
0.999458
0.848276
1.005907
1.018066
0.928619
0.943406
1.029045
0.938396
0.970433
0.964380
0.977410
1.026631
1.005767
0.991840
1.049220
0.983897
0.965745
1.020932
1.024978
0.977173
0.863843
1.033756
0.952997
1.001267
0.815556
1.002397
1.025803
0.878234
0.972548
1.013637
0.974258
1.026870
0.930670
0.892056
0.973040
1.080297
0.975962
0.975296
1.008204
1.014673
0.933010
1.064610
1.009908
0.906904
1.013556
0.952785
0.972287
1.047036
0.989349
1.015137
0.939291
1.034286
0.970738
1.021511
0.922969
0.867856
1.012429
1.028287
0.974879
1.002095
0.975515
1.027940
1.037077
0.996524
0.847036
0.923159
1.023236
0.860568
1.046788
1.005594
1.047491
1.027164
1.056225
1.053366
1.004993
1.064171
1.013244
1.055715
1.055131
0.932443
0.945703
0.964729
1.019273
0.963362
0.919587
1.031865
0.993636
0.840713
1.012001
0.991946
0.864577
1.006515
1.037940
0.992957
0.927230
0.996734
0.820679
0.905629
1.012183
0.976709
0.955827
1.022476
0.963050
0.923273
1.052329
0.994526
0.829437
1.004738
1.002081
0.994076
0.952657
0.999594
1.022904
0.881638
1.031556
0.836585
0.905983
1.016436
1.009196
0.923008
0.887938
1.044688
1.067783
0.918134
0.890025
1.014672
1.046228
1.073171
0.960499
0.861168
0.940167
0.956553
0.965805
1.016713
0.948675
0.933093
1.034216
0.963060
1.007159
1.015480
0.956936
0.976226
0.915977
0.947422
0.990816
1.039178
0.943704
0.868837
0.999373
1.013552
0.985685
1.011210
0.888386
0.900470
0.936880
1.020364
0.941832
0.949191
1.040452
1.004542
1.077281
0.948271
0.933764
0.961309
0.999559
0.951365
0.959478
0.847537
0.870261
1.039090
0.985113
0.954703
0.853382
0.972657
0.903434
0.887941
1.005050
1.021843
1.081007
0.989036
0.952332
1.040635
0.974856
0.938225
0.992514
1.085371
0.983990
0.984824
0.945827
0.969628
0.952458
1.014749
0.922662
0.960118
0.989362
0.911276
0.957627
0.898417
0.853469
0.922821
0.977828
1.019844
1.013973
1.012871
1.023715
0.964213
1.011534
0.983539
1.040418
1.016636
0.981766
0.981397
0.902829
0.958089
0.885108
1.010748
0.851876
1.028086
0.983912
0.906364
0.985590
1.068385
0.979926
1.031491
1.027954
0.894140
0.995208
1.020906
0.847339
0.911156
0.879907
0.924580
0.994576
0.918277
0.968019
0.941615
0.945882
0.951805
0.998207
1.015008
1.022998
1.022677
1.043320
0.952492
0.852770
0.890171
0.977619
1.011763
0.930792
0.997132
0.959411
0.889354
0.991662
0.864827
0.842909
1.028685
1.022152
0.965587
0.954162
0.945334
0.909326
1.053712
0.887004
1.044214
1.033717
0.903423
0.914092
1.021566
1.006277
1.029729
0.997123
0.923167
0.997145
1.042525
0.877734
1.051196
1.014431
1.014090
0.994442
0.925048
0.995305
0.942057
0.852439
0.937079
0.884601
0.945330
1.018903
0.939929
1.033256
1.012833
0.914884
0.990110
1.020931
0.977273
0.924289
1.042188
0.885610
0.970890
0.924856
0.986238
0.942298
0.933326
0.901568
1.030914
0.873192
1.006934
0.982769
0.952291
0.994356
0.994976
0.984834
1.039145
0.971684
1.027092
0.973465
0.875826
1.038821
0.986483
0.959163
0.805984
1.069245
0.988519
0.985838
0.937960
0.996786
0.995150
0.984777
0.960954
0.978833
0.889447
1.054385
1.026415
0.863364
1.020026
0.896048
1.028381
0.987935
0.915596
0.983140
1.036293
0.962241
0.964551
0.981589
0.958707
0.988348
1.030357
0.915093
0.989328
0.982593
0.907013
1.098859
0.946538
1.034027
1.011171
0.860717
1.032044
0.917123
1.019587
0.909195
0.955785
0.975245
1.017070
1.002248
0.936251
0.972490
0.975655
1.040074
0.933429
1.020747
0.950033
0.998557
0.992890
0.971424
0.887533
1.048833
0.981538
0.976484
1.057802
0.871755
0.950220
0.991038
1.077811
1.028927
0.889783
1.053937
1.010426
0.995386
1.004676
1.000755
0.960271
0.883959
0.955734
1.024220
1.030623
0.938342
1.034233
1.041937
1.007760
0.975548
1.033554
0.949979
1.001993
0.915253
0.944346
0.923821
0.980791
0.974207
1.059381
1.062972
1.035922
1.020486
0.972164
0.949421
0.909688
0.958761
1.032395
1.035865
0.969736
1.014756
0.967467
0.978996
0.989842
1.012606
0.881529
0.933514
0.837161
0.923036
0.903861
1.016905
0.950907
0.947804
0.972447
1.040420
0.883633
0.989177
0.997668
1.001869
0.986326
0.864737
0.953993
0.939525
1.001052
0.962802
0.985462
0.972594
0.867716
1.005414
0.978563
0.828670
0.970343
0.851815
1.004212
0.935643
1.007666
0.901635
0.937975
0.993119
0.889624
0.954118
1.027377
0.996447
0.912529
0.984077
0.957269
0.940217
0.947308
1.029435
1.044778
0.971780
1.042256
1.003995
0.731136
0.972179
0.997048
0.969249
1.015989
1.042771
0.979101
0.982058
0.899360
0.934485
0.981672
1.012038
1.052770
0.984893
0.984529
0.951207
1.002011
0.888310
0.929920
0.948604
0.972665
1.006055
0.852903
1.058594
0.966651
0.917463
0.945208
0.989206
0.977295
0.992822
1.018002
0.946976
0.847383
0.971892
0.965491
0.956403
0.928374
1.058871
0.922231
0.963359
1.084874
0.984549
1.018109
1.002817
1.025321
1.000566
0.910806
1.004415
1.013088
1.025967
1.004004
0.922781
1.033221
0.983538
0.866866
1.038528
0.905060
0.972609
1.051682
1.009992
0.973609
1.033564
1.052383
0.998649
0.934975
0.946645
0.913006
0.982192
0.990382
1.055453
0.920933
1.004621
0.933593
1.059622
0.943601
0.901448
0.998040
0.952368
1.023545
0.878403
1.035215
0.997470
0.877737
0.970673
1.040364
0.945092
1.000350
1.024355
0.991826
0.882945
1.022561
1.033019
0.956007
0.953100
0.896593
1.009788
1.006698
0.947465
0.917498
1.023422
1.003648
0.975823
0.950683
0.956564
0.845685
0.982770
0.936253
0.938289
1.039940
1.019392
0.931052
1.002169
1.055456
0.958630
0.958243
0.999441
1.013835
0.994184
1.012765
0.871618
0.851876
1.081735
0.995703
1.032838
0.905689
0.953796
0.964848
0.957912
0.950364
0.965204
0.904612
0.963915
1.004738
0.920107
0.940568
0.985965
0.976166
0.935555
0.938947
0.978632
0.847297
0.941603
1.034225
1.035797
1.009396
0.986771
0.945967
1.048880
1.031105
1.035945
1.026934
0.988681
1.034279
1.049086
1.043189
0.899236
0.975415
1.008010
0.998546
0.965933
0.987206
1.021850
1.006027
0.972998
0.994161
1.061512
1.008694
0.950903
0.968813
1.018817
1.010627
1.009430
0.993676
0.963872
1.003556
1.040631
1.059548
0.968552
0.999123
0.896723
1.002222
0.993279
1.013277
0.971198
0.919489
1.042419
1.043570
1.003071
0.873130
0.953253
1.018816
1.037912
0.952560
1.002076
0.885983
0.920367
0.965957
1.032901
1.033268
0.975261
0.996871
0.995010
1.092618
1.036089
0.983929
0.956211
1.000539
0.977661
1.042268
1.066561
0.976234
1.004421
0.985380
0.999087
0.978360
0.916519
0.993529
1.002104
0.971101
0.992815
1.027572
1.037692
0.999764
0.996582
0.913038
0.929993
0.897498
0.985377
0.999265
1.069886
0.998823
0.996839
0.972729
0.957536
0.994688
0.969535
0.947008
1.006708
1.005145
1.038521
0.978373
0.945942
0.866127
0.992848
1.034758
0.976752
0.991832
0.925410
1.034432
1.003471
0.990175
1.033017
1.011041
0.954695
1.012324
1.011810
0.963316
1.013869
0.973434
0.925694
0.935808
0.968945
1.032754
1.003739
1.041687
0.967350
0.977622
0.935571
0.930198
0.841072
0.906399
0.827317
1.004942
1.049019
1.015450
0.965006
1.002436
0.852708
1.006759
1.010101
1.036555
1.005976
0.958354
0.966296
0.953802
0.958339
0.984656
1.029169
1.011645
1.021293
1.039013
0.928651
0.945190
0.998314
0.963174
1.007181
1.082268
0.955387
0.875472
0.979618
0.938795
0.817064
1.011497
0.964353
0.933648
0.964596
0.975908
0.979083
0.957989
1.045442
1.017658
1.032519
0.954086
1.044239
0.967446
1.007774
0.842246
0.914508
0.905712
0.945773
0.981444
0.994654
0.890904
0.996199
0.878118
0.884102
0.931214
0.958220
0.944781
1.067176
0.890960
0.970887
0.981732
0.993795
0.907813
1.026021
0.842477
0.913174
0.907702
0.970364
0.909162
0.935938
1.006495
0.907526
0.926131
0.846950
0.993209
1.043803
0.981056
0.938248
0.972559
0.889998
0.977033
1.027018
0.946718
0.945384
0.977227
0.947987
0.950551
0.913216
0.912041
1.008600
0.974032
1.051735
0.915352
0.963317
0.970128
1.046770
0.782113
1.003943
0.919081
0.961289
1.002621
0.968353
0.919039
0.854401
1.010446
0.990431
0.941050
0.963178
0.952128
0.988117
0.946414
1.014573
0.977071
1.016930
0.883448
1.017391
1.057113
0.986106
0.959614
0.933093
1.007289
0.901695
0.952443
0.998015
0.965605
1.018856
1.003827
0.934902
0.938074
1.004035
1.039881
0.952023
1.015143
0.945819
1.036367
0.891689
1.016627
1.006535
0.921054
1.032441
0.944577
0.948623
0.805473
0.739340
0.927752
0.955808
0.984636
0.949681
0.958215
1.046320
0.832920
1.019329
0.976162
0.955788
0.933391
1.068232
0.907197
0.850422
0.958442
0.968193
1.026105
0.941666
1.053989
0.907619
0.942184
0.981489
1.027882
0.950823
0.948098
0.964193
0.951590
0.869664
1.076986
0.999451
0.968392
1.026652
1.022429
0.975388
0.948400
1.035987
1.024756
0.946099
0.960004
0.999061
1.036691
0.797597
0.962964
0.994478
0.971254
0.969342
1.058384
0.918516
0.970023
1.003450
0.985471
1.040053
1.023994
1.018601
1.011613
1.017627
0.987707
0.971123
1.049162
0.923912
0.958813
0.987226
1.041299
0.877984
0.980617
1.046895
0.991901
1.069810
1.031694
0.936196
1.020417
0.979656
1.043321
0.821010
0.933954
0.968853
0.874842
0.996652
1.050842
0.913399
0.973833
0.984928
0.959245
0.918517
0.912876
0.920457
0.889410
1.019680
1.010046
0.989427
0.888593
0.973234
1.020729
0.777564
0.881382
1.039182
1.021179
1.006023
0.950914
0.995275
1.059668
1.021705
0.958638
0.982698
1.014142
1.050080
1.036120
1.010981
0.923235
0.985262
0.952352
0.906566
0.982990
0.954426
1.042047
1.063894
1.012178
0.814514
1.006720
1.080401
0.938964
0.989152
0.967555
0.957013
1.007094
0.946773
1.068833
1.052416
0.895458
1.020989
0.893950
1.023075
0.969443
1.075107
0.993568
0.959209
0.994289
0.993594
1.041005
1.002891
1.004960
0.925308
0.966336
0.979081
1.061453
0.994142
0.890424
1.031838
1.001827
0.902979
0.801913
0.960147
0.993620
0.884488
1.001523
0.979888
1.038496
0.928246
1.030051
0.976100
1.027746
0.956991
0.976722
0.977226
0.957530
0.965484
0.975555
0.984199
1.052657
0.913042
1.020295
0.903409
0.941751
0.987860
0.950718
0.751299
0.941951
0.990860
1.007801
1.045192
0.900100
1.030507
1.036338
0.981335
0.985361
0.958766
0.791775
0.969265
0.999157
0.873094
0.962116
1.005869
1.021505
0.904115
0.970002
0.916577
1.016661
1.008078
0.990704
0.997371
0.932367
0.967866
1.011034
0.888811
0.975922
0.994657
0.984950
0.876585
1.027290
0.990275
0.903657
1.063284
0.984223
0.924544
0.963799
0.959839
0.971434
1.017405
0.997263
0.967858
1.030737
0.934189
1.045718
1.023321
1.041243
0.961252
0.979356
1.049560
0.884804
0.966524
0.933548
0.951779
1.051291
0.994067
1.037207
0.923919
1.018098
1.007911
0.978624
0.931725
0.919714
0.994001
0.982279
1.005249
1.022001
1.001739
0.997913
1.038761
1.006011
1.034025
0.987680
1.036341
0.988121
1.069514
0.996183
1.024178
1.040703
1.010323
1.025422
0.949290
0.854559
1.036046
1.026209
1.050268
0.973960
0.966596
0.982304
1.045945
1.023533
0.987699
0.987663
0.924938
0.976406
0.980999
1.036515
0.980482
1.049653
1.031801
0.897587
1.045339
1.054716
1.037473
1.035859
0.894522
1.031683
0.982154
0.942043
0.998697
0.881030
0.911810
0.895180
0.889113
1.030207
0.896834
0.990893
0.992398
1.022988
0.908494
0.970382
1.016863
0.995105
0.980398
0.951849
0.991841
0.976628
1.042952
1.024855
0.956813
1.016476
1.007341
0.993394
1.059401
0.939243
0.957776
1.002276
0.958155
0.940499
0.930949
0.887585
0.975154
0.902493
0.866756
0.961586
0.975590
0.972170
0.951932
0.962471
0.966913
1.027848
1.032033
0.935222
0.976477
0.949511
1.015648
0.956583
0.951148
0.934927
1.036387
0.989712
0.994169
1.022288
1.026391
0.897832
0.886217
0.991952
0.911695
0.946119
0.946250
0.947988
1.057656
1.020037
0.979287
0.990888
0.954210
1.007056
1.014233
0.857714
1.025718
0.937062
0.991100
0.922818
1.067956
0.922641
1.008320
0.932904
1.000601
0.844852
1.010129
0.977043
1.004163
0.949338
1.045513
1.015312
0.995476
0.960168
0.900841
0.917955
1.051368
0.881261
0.960793
0.858001
1.003064
1.053188
0.960459
0.999562
0.988419
1.027468
0.971109
1.047326
0.965757
1.040403
1.001880
0.972463
1.022134
0.975677
0.974040
0.991446
0.925123
0.993374
0.985245
1.012367
0.967272
0.959575
0.911194
1.055421
0.968625
1.008797
0.865934
0.928913
0.971516
1.063578
0.988551
0.820231
1.051574
1.014643
1.048421
0.976841
1.026069
1.018934
1.018119
0.954318
0.910881
1.013364
0.997851
1.028232
0.977724
0.924743
0.998674
1.002118
1.037293
1.074943
0.971300
0.961062
0.995449
0.920619
0.974256
0.955330
0.963198
1.003436
0.923346
0.826316
1.053504
1.010559
1.019504
1.021867
0.864927
1.046503
0.896550
0.918019
0.991510
0.941778
1.015315
1.014261
0.963938
0.908338
1.025629
0.825146
0.925719
1.019134
0.948314
1.022463
0.944227
0.964507
0.962022
0.974621
0.989717
0.919129
0.972789
0.920648
0.954000
0.988986
1.024709
0.859158
0.974645
0.938512
0.900361
0.846543
1.006619
1.039771
1.022336
0.986687
1.044007
0.946410
0.936012
0.989224
0.989184
1.047691
0.967731
1.026817
0.884303
0.936874
0.968010
0.993733
0.856981
1.021418
0.995676
0.939924
0.938424
0.988350
1.031184
1.006285
0.884187
1.027452
0.966793
1.008826
0.953808
1.032729
1.013486
1.071321
0.903224
0.854680
0.942378
0.942452
0.870758
0.996252
1.023746
1.047558
1.055606
0.963590
1.005764
0.944226
1.011555
0.997227
0.990929
0.897751
0.958927
0.966153
0.982334
1.007837
0.981104
0.994264
0.987261
0.898384
0.977400
1.036208
1.033829
0.944739
1.008359
0.926025
1.045894
0.969240
0.985788
1.019255
1.029285
0.966624
0.881056
0.943605
0.920272
0.936939
0.969997
0.964479
1.047983
0.998368
0.925766
0.956559
0.975163
1.013075
1.089603
1.034037
0.993830
1.051960
0.986452
0.922065
1.001091
0.896958
1.027582
1.052417
0.991285
0.966406
1.015345
1.034230
0.857698
1.006953
1.010801
0.965095
0.941559
1.009142
1.060228
1.069597
0.880957
0.958056
1.067239
0.979939
1.026868
0.918779
0.933155
0.999617
1.020301
1.051907
0.950246
0.976784
0.932332
0.978202
1.043813
0.965871
0.979092
0.905632
0.940626
0.914044
0.944517
0.972074
1.036063
0.969754
0.986922
0.986367
0.929103
1.025683
0.989439
1.008153
1.025247
1.033451
0.939386
1.036413
0.930669
1.005787
0.977224
1.029420
1.039713
1.002740
0.955920
1.046474
0.967389
1.010176
0.978990
0.981403
0.990718
0.874044
1.006271
0.993590
1.045766
1.012384
0.964136
0.977023
1.060819
0.951636
0.940075
0.938836
0.965993
0.917133
0.986017
1.009243
1.065587
1.011880
0.885359
1.006526
1.039876
1.061041
0.959956
1.023858
0.998636
1.018856
0.999594
0.974489
0.947670
0.934254
1.028621
0.981151
1.031748
1.020703
0.988883
0.913495
0.873131
0.974612
0.995471
0.896803
0.871307
0.982304
0.999079
0.930758
0.859834
0.992681
0.953959
0.994329
1.028861
1.001158
1.036324
0.903090
1.018371
0.998776
0.992341
1.042572
0.989813
0.988447
1.019448
1.038905
1.052374
1.000460
0.981270
0.914381
0.902747
0.872733
0.985714
1.058164
1.011107
0.947870
0.971674
0.909200
0.993466
1.003475
0.856915
1.008353
0.895400
0.935703
0.921315
1.063885
1.031077
0.991530
0.950943
0.814753
1.004177
1.001139
0.886308
1.019305
0.979069
0.876323
1.022957
0.846740
1.040824
0.931902
0.964613
0.887529
0.955055
0.997914
0.751006
1.021808
1.051090
1.025554
1.000636
0.984532
0.979734
0.949824
0.942008
1.017767
0.975344
0.950057
1.004929
0.986834
1.033871
0.879798
1.012634
0.924533
1.044525
1.011930
0.972593
0.978723
0.989486
0.939797
0.873109
1.059990
1.005129
0.929938
0.977012
0.960896
0.924856
0.985448
1.033710
0.952912
0.943718
0.938415
1.041630
1.045695
1.035400
1.045511
0.986349
1.001780
0.984394
1.023821
0.959334
1.044247
1.057242
0.955374
0.950010
0.914227
1.060287
0.919498
0.981688
0.875693
0.762109
0.981831
1.021127
1.054135
1.009636
1.039846
0.926468
1.000324
0.804875
1.029275
0.983986
1.036264
1.023123
1.004732
1.003357
0.869336
0.920519
0.939177
1.055603
0.992325
0.948140
0.995459
1.028023
0.975212
0.949549
0.882836
0.978571
0.941188
0.986633
1.008930
0.917315
0.974781
0.913147
1.016038
1.095638
1.002056
0.966469
0.997155
0.953735
1.023358
0.986391
0.955512
0.956547
0.985733
0.912374
0.973071
1.072127
1.002469
1.043980
1.046634
0.832125
0.923364
1.001197
0.937792
1.045202
0.952511
1.052381
1.030728
0.966525
0.986336
0.987821
0.998199
0.955096
1.080419
0.972500
0.965462
0.852116
1.012945
0.936009
1.038837
0.989809
0.956323
0.934940
0.891473
0.977045
1.046916
1.001226
1.035387
0.936898
0.890056
0.882279
0.838532
0.927321
1.047319
1.003966
0.968684
1.009359
0.974646
0.911607
0.936003
1.044651
0.974767
0.996131
0.904557
1.050558
0.984569
0.874718
1.013017
1.050716
0.961187
1.040731
1.031829
1.003854
0.994053
1.002683
0.984233
0.959328
0.977692
0.880207
1.036334
1.015890
1.032953
0.928707
1.010063
0.930464
0.820420
0.988973
0.817614
0.968003
0.988412
1.026042
1.011855
1.008654
0.961366
0.893977
1.066554
0.950474
0.990960
0.992847
1.005445
0.965184
1.063678
0.969804
1.023460
0.984563
0.957371
0.988524
1.033999
1.024105
1.047718
1.039541
0.930244
0.988824
0.892609
0.940806
0.935067
1.030788
0.966818
1.000595
1.002317
0.907606
0.998487
0.998917
0.844817
0.807922
0.969686
0.947123
0.849335
0.886193
1.003009
0.973183
0.920344
0.898833
0.979820
0.953172
0.976066
0.961214
0.987269
0.986151
1.049008
0.918887
1.032777
1.004402
1.043388
0.972981
0.945452
0.920174
0.972509
0.950292
1.015176
0.916326
1.052364
0.942410
0.963493
0.974805
1.006695
0.921562
0.974125
0.947086
0.940617
1.015188
1.008593
0.994895
0.978848
0.948750
0.960369
1.035734
1.033767
0.961966
0.988081
0.926874
0.937578
1.043847
1.038757
0.985339
0.941660
0.959604
1.017487
0.953713
0.984490
1.011981
1.049854
1.006061
1.051155
0.983895
1.020585
0.906231
0.985085
1.000637
1.007872
0.972311
1.039868
1.010991
1.017689
0.956552
0.970938
1.009231
0.968226
0.915735
0.979225
0.970171
0.971772
1.040235
0.954096
1.026033
0.774858
0.954607
0.916154
1.025612
1.010912
0.985426
0.945039
1.025876
0.969214
0.967229
0.990297
0.865177
1.009533
1.002429
0.985635
0.973019
0.964417
1.040154
0.974807
0.988061
0.998526
0.976241
0.988869
1.025436
1.014406
0.980146
0.996673
0.926714
0.963115
1.015560
1.012773
0.916120
1.003791
0.960894
1.012877
0.959052
0.838470
0.988522
0.914758
0.975742
0.921186
0.921386
1.049098
0.970536
1.003261
0.985124
0.876577
0.988693
0.897712
0.935587
1.031210
1.006566
0.985359
0.952559
0.991982
1.009523
0.976985
0.976405
0.919844
1.049700
0.961398
0.985283
0.900093
0.972172
0.980509
1.062410
0.955070
1.002167
0.964877
0.882812
0.945654
1.018484
1.050471
1.030921
0.961120
1.016254
0.961642
1.035990
1.061176
1.006399
1.018390
0.916929
1.044525
1.036723
0.966851
0.873749
0.950479
0.975713
1.042856
0.856824
0.964888
1.001535
0.912249
1.029281
1.051763
0.889278
0.825446
0.985231
0.933735
0.958946
1.028497
0.997026
0.987395
0.984315
0.939402
1.042773
0.949892
0.945760
0.944705
1.017933
0.999233
1.006001
0.906555
1.003315
0.986707
0.967473
1.022839
1.062714
0.917387
0.978962
1.011110
1.027373
0.976909
1.072452
0.996971
0.953583
1.017992
0.926029
0.887797
1.008350
0.914572
1.014407
0.995040
1.028109
0.988397
0.924910
1.047340
0.938423
1.047773
1.021444
0.878942
1.016755
0.976925
0.994086
0.909240
0.973427
0.900046
1.005506
0.998083
0.949079
0.982196
0.962913
1.035842
0.929371
0.931324
0.969626
0.986492
1.049677
1.031999
1.050531
0.937162
0.964047
0.878318
0.944083
0.966933
1.057620
0.990052
1.031538
1.047726
0.942557
0.944804
1.025210
1.062878
1.077095
0.965784
0.944762
0.985682
0.945759
0.947237
0.843642
0.954208
0.990276
1.017469
0.953218
0.978729
1.032171
0.981287
0.848019
1.013652
1.010321
1.010362
1.013606
0.945523
0.981729
1.019658
1.045367
1.010009
0.976646
0.959488
1.006181
1.017229
0.900744
1.023145
1.045962
1.006036
0.990471
1.025481
0.925747
0.902788
1.033012
0.982061
0.902830
0.931398
0.989767
1.035448
0.939441
0.995128
0.949524
0.990968
0.940245
0.958374
0.818204
0.982439
1.017011
1.074819
0.845150
0.924372
0.915704
1.052367
0.871226
1.025767
1.004234
0.919201
0.938495
1.010610
0.936297
1.021035
1.006968
1.060625
1.004102
0.912132
1.013310
0.996355
0.952085
0.756876
0.985700
1.014958
0.847677
1.023252
0.972393
1.000617
0.863612
1.017865
0.957730
0.995109
1.003387
1.021062
1.031482
0.990226
0.952580
1.038902
1.071813
0.960666
0.994657
1.004807
0.995566
0.858761
0.930306
0.981901
0.961691
0.940172
0.926038
0.998929
0.974821
0.899592
1.014995
0.997192
1.070923
1.047709
0.927996
1.016483
0.843147
1.052763
0.945176
0.926670
0.947047
0.953981
0.988050
0.847732
0.919370
0.971057
0.874948
1.078037
0.883150
0.930191
0.957294
1.023347
1.019452
0.967418
0.916515
0.968140
0.899796
0.940573
0.983394
0.929650
0.923806
0.931655
0.878771
1.051992
1.008289
0.972864
0.880304
0.944375
0.828902
1.003187
0.932693
1.000466
1.042366
1.007646
0.978367
0.952167
1.034465
1.004283
1.008417
0.925460
0.966468
0.889116
0.967696
0.946048
0.917606
0.998518
0.961587
0.999602
1.043099
0.992828
1.037154
1.020013
1.015110
0.971199
0.931166
0.951703
0.919742
0.943367
0.977745
0.985853
0.936562
0.969605
0.957068
1.031882
0.963647
1.012991
0.858789
1.032711
0.973621
0.941013
0.891146
0.981516
1.001325
0.977564
0.962671
0.921126
0.912167
1.007903
0.990169
0.910989
0.904259
1.014736
0.953991
0.994787
1.009972
1.006526
0.971299
0.966952
1.028660
0.961509
0.958055
1.014222
0.981949
0.718026
0.851122
1.030840
0.891207
0.941778
0.996024
1.056311
1.039206
1.025487
1.014518
0.973869
0.978453
0.916137
0.985424
1.030564
0.992038
1.024091
0.989015
1.055547
0.760165
0.988078
1.095899
1.075921
0.961034
0.969550
0.980236
1.042575
0.892680
0.896215
0.990098
0.951022
0.985642
0.895820
0.971369
1.039082
0.864827
0.870802
1.020302
1.007398
0.954273
0.994560
0.955622
0.884125
0.969190
0.938688
0.974690
0.940440
0.981214
1.000369
1.052136
0.983928
0.980073
0.948494
0.943664
0.917028
0.972194
0.958035
0.970187
1.030424
1.047088
0.919063
1.028410
1.027009
0.980530
0.948080
1.023407
1.030242
0.957261
1.029739
1.051766
1.017417
1.049081
0.906302
0.895314
0.893874
1.059781
0.992588
0.960883
0.943347
0.891651
0.962022
0.961152
0.985008
0.901473
1.002833
0.965388
1.021651
1.027118
0.969265
1.002316
0.950277
1.036634
0.953522
1.073533
1.014430
0.975468
0.990839
1.005728
1.004582
1.052141
0.970650
0.907021
0.952375
1.073737
1.005585
1.000092
1.056915
1.046802
0.968474
0.963284
0.986522
0.966339
0.905240
0.965175
0.959662
0.945040
1.016312
0.990624
1.024992
0.902193
0.916605
0.931008
1.007408
0.936534
0.999720
0.995221
0.966978
1.005632
0.942324
0.953379
0.971633
0.945448
1.026264
0.840907
1.018272
1.028773
1.028489
1.030257
0.963417
0.894894
0.981132
0.974994
1.026376
0.978704
0.974675
1.035681
0.978636
1.030413
0.954442
1.011863
0.993878
0.912599
1.014792
0.904046
0.996362
0.971675
0.979227
1.004631
0.995856
1.050151
1.013920
0.967840
0.998896
0.998757
1.012315
0.899104
0.941262
0.983616
0.955125
1.045195
1.040893
0.853067
0.985624
0.742422
0.910587
0.972316
0.989296
0.907433
0.870402
1.066300
0.987418
1.064893
1.033100
0.980493
0.928565
1.026561
1.035003
0.954754
1.024211
0.990936
0.955172
0.970458
0.996460
0.984463
1.026649
0.889046
0.928771
0.997247
0.992441
1.029109
0.832129
0.845531
0.971893
1.069906
0.931910
0.914546
1.042032
0.983268
0.937328
0.985372
0.988945
1.028369
0.921545
0.996906
1.033135
0.869836
0.952187
0.938923
1.025435
0.900350
0.942312
0.813716
0.930057
1.037470
1.064758
0.850188
1.039316
0.956422
0.967668
0.991354
1.051615
1.058137
0.927886
1.041851
0.942395
0.997525
1.005188
1.033388
1.034038
1.016991
1.005707
0.999270
1.035875
0.985215
1.023118
0.933709
0.973582
1.000347
0.971136
0.964094
1.060309
0.930549
0.928240
1.000649
1.006807
0.955890
0.928768
0.987786
1.022191
0.943731
1.001151
0.960699
0.960507
0.904108
1.006457
0.972595
0.937705
1.042618
1.006977
1.015692
0.979410
1.031666
1.012048
1.015352
0.867424
0.914714
0.859389
0.810937
0.989558
0.963611
0.990102
0.948735
1.072960
0.997201
0.918265
1.012762
1.038327
0.890491
0.863743
1.022966
1.060581
0.977165
0.999716
0.918494
1.000431
1.017565
1.029746
0.993673
1.038173
1.002885
0.873072
0.937794
0.896143
1.007530
0.921779
1.045832
0.864894
0.981069
0.938978
0.796386
1.041945
0.863033
1.011283
0.998634
0.872403
0.961527
1.036718
0.941172
0.739827
0.930463
0.960673
1.076656
0.918736
0.940830
0.940560
0.955414
0.897240
0.900797
1.053597
0.887973
0.904473
0.993672
1.048688
0.886093
0.928227
0.946453
0.870702
1.028912
0.945691
0.894718
0.893126
1.011590
0.982703
0.951321
0.926956
1.005952
1.009772
0.928516
0.955927
0.988463
1.030385
1.010123
0.993585
0.988352
1.020380
0.963382
0.983397
0.998312
1.045029
0.951808
1.032771
1.044887
0.929750
0.967379
0.923952
1.003325
0.980370
0.883349
0.927543
1.077095
1.014875
0.991201
1.042941
1.004394
0.983832
0.918605
0.951783
1.027320
0.935854
0.910246
0.984117
0.966337
1.001381
0.994716
0.971276
0.985503
0.953573
1.013621
0.964409
0.902478
0.999422
1.050868
1.016347
1.061519
0.967990
0.941805
1.020919
1.016824
0.987480
1.043211
0.960480
0.845845
1.045653
0.979408
0.923560
0.935181
0.995656
1.018509
0.992879
0.995306
0.929500
1.047224
0.914868
0.970466
0.994355
1.004270
0.878347
0.954855
0.971364
1.090843
0.993671
1.063592
1.001347
1.030087
0.971189
0.897135
1.014656
1.013924
0.979517
0.965033
0.995853
0.929215
0.987659
0.848669
0.960415
0.882876
0.968920
1.002924
0.972090
1.000575
1.002692
0.976964
0.980621
0.859794
0.794828
0.983142
0.997226
0.974162
0.880484
0.955881
0.992927
1.059578
0.992820
0.954616
0.956843
0.959159
0.995422
0.889606
0.945734
0.985502
0.978991
0.847700
0.916507
0.871334
1.014934
0.997459
0.978764
1.048171
0.977428
0.978746
1.055056
0.943790
0.925719
0.997864
1.028425
1.023563
1.013013
0.956766
1.031736
1.023361
0.976550
0.904225
1.003714
1.002727
0.888693
1.078593
0.999416
0.969662
0.987860
1.034009
1.014691
0.989611
1.043550
0.994841
1.013221
1.020971
1.042369
0.899672
0.980087
1.029865
0.995700
1.004876
0.976579
1.011665
1.014345
1.022021
0.970092
0.862113
0.972982
0.928276
0.962071
0.931736
0.991388
0.978325
0.979240
0.976586
1.045824
1.027727
0.908929
1.062237
0.968117
0.789803
0.981863
1.009018
0.982970
1.002205
0.934878
0.996140
1.080722
1.041713
0.894751
0.938378
1.015305
0.995822
1.054260
0.997896
1.028581
0.896562
0.820665
0.951685
0.945489
0.913299
0.891597
0.789476
1.011948
1.058218
0.979366
0.974299
1.026542
0.960661
0.880165
0.897058
0.963527
0.938250
1.010990
0.950344
1.049469
1.022339
1.058561
1.013580
0.920957
0.965947
1.018714
0.947424
1.022176
0.996348
0.989278
1.036347
0.990417
0.963718
1.014285
1.017468
1.056157
0.924135
1.046874
0.888028
1.010070
0.987346
1.060711
1.012509
1.014857
0.999046
0.938873
0.897104
0.998643
0.981808
1.072258
0.734300
0.983480
0.987709
1.028329
0.983751
1.011279
0.968841
1.003437
1.045787
1.021369
0.881195
0.915883
1.056855
1.028324
1.049035
1.004445
0.954085
0.979040
1.040522
1.026626
1.044788
0.922553
0.893287
1.015633
1.047907
0.971005
0.946180
0.984782
0.933990
1.011586
1.007416
1.024308
0.968070
1.058592
0.980573
1.040798
0.980548
1.059391
1.047077
0.965002
1.027313
0.944166
0.948653
0.987867
1.011216
0.932693
0.996260
1.010264
1.056026
0.808533
0.978739
0.805264
0.844331
1.006052
1.026572
0.994898
0.986133
0.947996
0.852618
0.978529
0.970636
0.973411
1.024455
1.060438
1.011946
1.036709
0.879342
0.913038
1.011480
1.003719
0.810453
1.033787
1.072655
0.968739
1.007004
0.869466
1.004173
0.988836
0.985401
1.055199
0.983532
0.968730
0.887333
0.952940
0.908736
0.971595
1.000420
0.904646
0.940650
0.937116
0.870344
0.892974
0.975159
1.030340
0.914144
1.056052
1.008643
0.998776
1.010491
1.022715
1.017117
1.030057
0.987424
0.921583
1.007413
0.977983
1.007024
0.984691
0.961989
0.915216
0.961232
0.908772
1.025005
0.944308
0.962221
1.055324
0.986951
1.067785
0.958027
0.929497
1.008975
0.974414
0.808482
1.018833
0.887885
0.978870
0.993508
0.975001
0.940062
0.982902
1.016589
0.974858
0.900588
0.837625
0.950706
1.018179
1.002026
0.889652
1.011376
0.959397
1.015196
1.020628
0.986338
1.017675
1.007525
0.921839
1.042980
0.966134
0.871323
0.824400
0.919475
0.987307
1.016066
1.014295
0.842234
1.063196
1.005618
0.988459
0.971364
0.976981
0.993377
0.987161
0.853316
0.956516
1.044968
1.047128
1.004304
0.888008
1.010110
1.031192
0.907415
0.935758
1.065472
1.020864
0.951838
0.928179
0.902779
1.052638
0.920679
1.029965
0.979753
0.998164
0.941734
0.943506
0.911463
0.997660
0.944467
1.031535
0.992468
0.945135
0.851267
0.948083
0.838832
1.039816
0.966347
1.009771
0.932831
0.952020
0.913158
1.038076
0.975546
0.980148
1.027666
0.852380
1.009895
1.045427
1.017451
1.024237
1.001169
0.987273
1.043570
1.001656
0.908109
1.050265
0.959363
0.967632
1.022912
0.844020
1.079523
0.959380
0.980591
0.993964
0.924677
1.017817
1.010899
0.981955
0.980869
0.985933
0.970746
0.940680
0.999286
0.947941
0.983622
0.986954
0.963614
0.936966
0.949964
0.947791
1.007841
1.017330
1.040650
0.989076
0.948834
1.004271
0.958863
0.948010
0.979486
0.997204
0.984256
0.911092
0.971629
0.959230
1.034152
1.046863
0.947359
1.058184
0.972435
1.014788
0.961031
0.952110
1.007033
0.974287
0.891385
1.004549
0.878965
0.940394
1.005136
0.903777
1.046240
0.964296
0.954880
0.990573
1.056530
0.976939
1.046890
0.997695
0.962777
0.959973
0.929780
0.919048
0.983540
0.933933
0.965645
0.953620
1.013760
0.905438
1.079196
0.968224
0.945802
0.955065
1.003390
0.877509
1.060243
0.939706
1.063437
0.993405
0.872513
0.963858
1.048369
0.990530
1.063318
1.050028
0.905012
0.915048
1.007961
0.924478
0.950485
0.993201
1.050571
0.968419
0.992812
0.865122
1.036924
0.954835
0.987564
0.988709
1.067168
0.962855
0.892868
1.003717
0.951026
0.987294
0.996306
0.995741
1.032270
1.044491
0.993166
0.962962
0.990416
0.930475
0.990091
0.976812
0.925788
1.009833
0.981906
1.028997
1.029896
1.020602
0.993945
0.943655
0.865196
1.040104
1.057378
0.876293
0.981564
0.988335
0.967385
0.994420
0.849856
0.978524
0.990319
0.859063
1.003124
0.967229
0.997747
1.013284
0.927981
1.040099
0.873748
0.897999
0.987985
0.879109
0.976467
0.957094
0.958067
1.036149
0.946604
1.059061
0.985053
0.967246
0.964974
0.975514
0.941995
1.031138
0.994583
0.892813
0.963191
1.005352
1.010768
1.008132
0.898028
1.044514
1.085844
0.986922
0.935261
1.002917
1.002760
0.940665
1.052594
0.928439
1.012550
0.940090
1.022480
1.094788
0.949678
1.008073
0.998003
1.005377
1.008110
0.923275
0.999453
0.984451
0.912105
0.917918
0.946187
0.944549
1.010040
1.070481
1.013161
1.034060
1.038814
1.029621
0.911465
0.932770
